99130793503681
99219993503681
99249103503681
991082563503681
991394463503681
991420483503681
991462803503681
991689503503681
991717953503681
991725653503681
991727033503681
991736263503681
991790383503681
991880823503681
991944123503681
991980643503681
991981683503681
992067073503681
992072183503681
992081173503681
992240253503681
992310973503681
992362093503681
992368773503681
992499233503681
9910046373503681
9910114423503681
9910154923503681
9910265333503681
9910285203503681
9910350183503681
9910375913503681
9910535943503681
9910580323503681
9911013403503681
9911030283503681
9911086613503681
9911427533503681
9911619753503681
9911729823503681
9912001193503681
9912061123503681
9912954463503681
9913261023503681
9913296423503681
9913372453503681
9913492913503681
9913625183503681
9915327153503681
9915416123503681
9915507433503681
9915660153503681
9915774533503681
9916278983503681
9916384873503681
9916711793503681
9917040533503681
9917194123503681
9917288363503681
9917428003503681
9917625723503681
9917748503503681
9917778053503681
9918070963503681
9918150663503681
9918150693503681
9918150713503681
9918150763503681
9918307763503681
9918356643503681
9918367533503681
9918540853503681
9918903453503681
9919348743503681
9919430103503681
9920068153503681
9920234833503681
9920589243503681
9921377153503681
9921953543503681
9922437673503681
9922605283503681
9922904863503681
9922917613503681
9923158013503681
9923353253503681
9923379233503681
9923653033503681
9923678353503681
9923895773503681
9924008703503681
9924039093503681
9924071293503681
9924099743503681
9924125183503681
9924404203503681
9924808203503681
9924916033503681
9925250343503681
9925850813503681
9928063503681
99301503503681
99425803503681
99453003503681
99478563503681
992705623503681
993009433503681
993203123503681
993523133503681
994009893503681
994074553503681
994200203503681
994357483503681
994371423503681
994394663503681
994685033503681
994692243503681
994776703503681
9926075813503681
9926526373503681
9926547053503681
9926862863503681
9926900533503681
9927125453503681
9927187383503681
9927297603503681
9927319883503681
9927326223503681
9927447633503681
9927744123503681
9927744743503681
9927745023503681
9927951723503681
9928491313503681
9928574633503681
9928921813503681
9929111583503681
9929179353503681
9929375573503681
9929442223503681
9929849043503681
9930405483503681
9930591853503681
9930623823503681
9930688773503681
9930863373503681
9931212153503681
9931359283503681
9931543423503681
9931543433503681
9931712153503681
9931712163503681
9931715233503681
9931832243503681
9932221883503681
9932419143503681
9933590473503681
9933764153503681
9933929503503681
9934478833503681
9934525983503681
9934649833503681
9935099773503681
9935546443503681
9935583263503681
9935617193503681
9936108653503681
9937011173503681
9937770273503681
9938904873503681
9939642263503681
9939740223503681
9939909793503681
9939966443503681
9940004923503681
9940286883503681
9940485433503681
9941298463503681
9941331273503681
9941615323503681
9942558983503681
9942622523503681
9942647803503681
9943093693503681
9944191333503681
9944639693503681
9944831643503681
9944976743503681
9945069863503681
9947412863503681
9947427513503681
9947475803503681
9947647593503681
9948053713503681
9948139973503681
9948168243503681
9948200693503681
9948458063503681
9948465263503681
9948501543503681
99489013503681
994876513503681
994999453503681
995139323503681
995160933503681
995183133503681
995251753503681
995274963503681
995325153503681
995333583503681
995359593503681
9948709463503681
9949111153503681
9949774733503681
9949870813503681
9949916953503681
9949934083503681
9950228493503681
9950275873503681
9950283313503681
9950337233503681
9950337533503681
9950667663503681
9951781223503681
9951812773503681
9951835373503681
9951835503503681
9951844153503681
9951844163503681
9951844173503681
9951844183503681
9951844193503681
9951844203503681
9951844213503681
9951844223503681
9951844233503681
9951844243503681
9951844253503681
9951844263503681
9951844603503681
9951883983503681
9951887363503681
9951889333503681
9951996733503681
9951996743503681
9951996753503681
9951996763503681
9951996773503681
9951996803503681
9951996813503681
9951996823503681
9951996833503681
9951996843503681
9951996923503681
9951996943503681
9951996953503681
9951996973503681
9951996983503681
9951996993503681
9951997003503681
9951997013503681
9951997163503681
9951997173503681
9951997183503681
9951997193503681
9951997233503681
9951997243503681
9951997253503681
9952548053503681
9952548283503681
9952781563503681
9952781573503681
9952781583503681
9952781593503681
9952781603503681
9952781613503681
9952781623503681
9952781633503681
9952781693503681
9952781703503681
9952781723503681
9952781753503681
9952781793503681
9952781803503681
9952781813503681
9952781823503681
9952781973503681
9952782023503681
9952782033503681
9952782043503681
9953107173503681
9953123363503681
9953123373503681
9953123403503681
9953123423503681
9953123443503681
9953127233503681
9953162073503681
9953162873503681
9953991893503681
9953999493503681
9953999523503681
9953999533503681
9953999543503681
9953999553503681
9953999563503681
9953999573503681
9953999603503681
9953999623503681
9953999653503681
9953999663503681
9953999673503681
9953999683503681
9953999693503681
9953999713503681
9954000903503681
9954000913503681
9954000923503681
9954000933503681
9954000943503681
9954000953503681
9954008603503681
9954037903503681
9954037963503681
9954037973503681
9954037983503681
9954037993503681
9954038023503681
9954038043503681
9954087623503681
9954115893503681
9954115913503681
9954117453503681
9954117483503681
9954117513503681
9954117543503681
9954117553503681
9954117573503681
9954117593503681
9954117603503681
9954176273503681
9954176333503681
9954176363503681
9954176373503681
9954176383503681
9954176393503681
9954176403503681
9954176743503681
9954176783503681
9954176793503681
9954234893503681
9954239643503681
9954239653503681
9954239953503681
9954263813503681
9954263823503681
9954263833503681
9954263843503681
9954263853503681
9954263863503681
9954263883503681
9954263893503681
9954263903503681
9954263923503681
9954263933503681
9954263953503681
9954263963503681
9954263973503681
9954264033503681
9954264043503681
9954264053503681
9954264063503681
9954264393503681
9954264403503681
9954264413503681
9954264423503681
9954304703503681
9954304713503681
9954304723503681
9954304743503681
9954304753503681
9954304763503681
9954304773503681
9954304793503681
9954304803503681
9954304813503681
9954304823503681
9954304833503681
9954304843503681
9954304863503681
9954304873503681
9954304893503681
9954304903503681
9954304913503681
9954304923503681
9954304933503681
9954304943503681
9954304953503681
9954304963503681
9954304973503681
99553663503681
99574793503681
995493543503681
995505373503681
995638773503681
9954387123503681
9954387143503681
9954387293503681
9954387303503681
9954387313503681
9954387323503681
9954387353503681
9954387363503681
9954387473503681
9954387803503681
9954387823503681
9954387853503681
9954387863503681
9954387873503681
9954387883503681
9954387893503681
9954387903503681
9954387933503681
9954387943503681
9954389263503681
9954389273503681
9954389313503681
9954389333503681
9954389403503681
9954389413503681
9954389763503681
9954390023503681
9954432943503681
9954455873503681
9954470993503681
9954481423503681
9955127573503681
9955127583503681
9955127593503681
9955127613503681
9955127633503681
9955127643503681
9955127653503681
9955127663503681
9955127673503681
9955127693503681
9955127733503681
9955349363503681
9955349393503681
9956430833503681
9956430843503681
9956507223503681
9956511933503681
9956514653503681
9956525943503681
9956996153503681
9957002543503681
9957025823503681
9957467933503681
9957479643503681
9957479663503681
9957479673503681
9957479683503681
9957479693503681
9957479703503681
9957479713503681
9957490163503681
9957490193503681
9957490403503681
9957490433503681
9957491223503681
9957505203503681
9957506153503681
9957506163503681
9957506173503681
9957506183503681
9957506193503681
9957506203503681
9957506253503681
9957506273503681
9957506283503681
9957506293503681
9957506303503681
9957506353503681
9957506363503681
9957506373503681
9957506383503681
9957506393503681
9957506403503681
9957530043503681
9957552803503681
9957556823503681
9957557933503681
9957557983503681
9957561213503681
9957563343503681
9957563353503681
9957563463503681
9957563473503681
9957563483503681
9957563503503681
9957563513503681
9957563533503681
9957563563503681
9957563573503681
9957563583503681
9957563603503681
9957563623503681
9957563643503681
9957563683503681
9957563733503681
9957563753503681
9957563783503681
9957563813503681
9957563823503681
9957563833503681
9957563853503681
9957563863503681
9957563873503681
9957563883503681
9957563893503681
9957563903503681
9957563913503681
9957563923503681
9957563933503681
9957564143503681
9957567363503681
9957567553503681
9957567903503681
9957568223503681
9957568233503681
9957568373503681
9957568443503681
9957568513503681
9957578543503681
9957578633503681
9957579043503681
9957579093503681
9957579303503681
9957579323503681
9957579343503681
9957579393503681
9957579403503681
9957579413503681
9957579453503681
9957579493503681
9957579513503681
9957579713503681
9957579893503681
9957580723503681
9957581223503681
9957581233503681
9957581243503681
9957581253503681
9957581263503681
9957581273503681
9957581283503681
9957582113503681
9957582133503681
9957582143503681
9957582153503681
9957582163503681
9957582173503681
9957582183503681
9957582193503681
9957582203503681
9957582213503681
9957582223503681
9957582233503681
9957582243503681
9957582253503681
9957582263503681
9957582273503681
9957582283503681
9957582293503681
9957582303503681
9957582313503681
9957582323503681
9957582493503681
9957582503503681
9957582513503681
9957583343503681
9957587503503681
9957587523503681
9957587563503681
9957587613503681
9957587643503681
9957587673503681
9957587683503681
9957587703503681
9957587753503681
9957587763503681
9957587773503681
9957587793503681
9957589713503681
9957590433503681
9957590963503681
9957591003503681
9957591013503681
9957591083503681
99580403503681
9957591213503681
9957591243503681
9957591303503681
9957591333503681
9957591753503681
9957591763503681
9957591793503681
9957591833503681
9957591933503681
9957591963503681
9957592003503681
9957592183503681
9957592263503681
9957592273503681
9957592283503681
9957592293503681
9957592333503681
9957592353503681
9957592403503681
9957592423503681
9957592433503681
9957592443503681
9957592453503681
9957592483503681
9957592503503681
9957592523503681
9957598253503681
9957598413503681
9957598643503681
9957611693503681
9957611703503681
9957611713503681
9957611733503681
9957611743503681
9957611753503681
9957614123503681
9957614143503681
9957614173503681
9957614193503681
9957614203503681
9957614233503681
9957614253503681
9957614263503681
9957614283503681
9957614303503681
9957614323503681
9957614343503681
9957614353503681
9957614363503681
9957614753503681
9957628733503681
9957629063503681
9957637643503681
9957637953503681
9957780643503681
9957780653503681
9957780663503681
9957780893503681
9957813433503681
9957813493503681
9957813523503681
9957813543503681
9957813573503681
9957813583503681
9957813593503681
9957813683503681
9957813693503681
9957813703503681
9957857663503681
9957863373503681
9957881923503681
9957881963503681
9957945543503681
9957945563503681
9957945583503681
9957945593503681
9957945633503681
9957945653503681
9957945663503681
9957946963503681
9958043973503681
9958079063503681
9958079083503681
9958079093503681
9958079103503681
9958079123503681
9958079143503681
9958079153503681
9958079163503681
9958079173503681
9958079183503681
9958079193503681
9958079273503681
9958104543503681
9958104583503681
9958104643503681
9958104653503681
9958104793503681
9958104803503681
9958104813503681
9958107983503681
9958145103503681
9958145123503681
9958145133503681
9958145143503681
9958145163503681
9958146993503681
9958147153503681
9958147303503681
9958147353503681
9958147373503681
9958147383503681
9958147403503681
9958147413503681
9958147423503681
9958147483503681
9958147573503681
9958147583503681
9958147593503681
9958147603503681
9958147613503681
9958147623503681
9958147633503681
9958147663503681
9958147673503681
9958147693503681
9958147703503681
9958151253503681
9958151363503681
9958151403503681
9958151433503681
9958151493503681
9958151503503681
9958151513503681
9958151523503681
9958151533503681
9958171473503681
9958171493503681
9958171503503681
9958171523503681
9958171543503681
9958171553503681
9958171563503681
9958171593503681
9958171603503681
9958171613503681
9958171623503681
9958171643503681
9958171653503681
9958171663503681
9958171673503681
9958171693503681
9958171713503681
9958173863503681
9958173893503681
9958173963503681
9958195943503681
9958220253503681
9958240393503681
9958241443503681
9958241453503681
9958241463503681
9958241473503681
9958241483503681
9958241493503681
9958241513503681
9958241933503681
9958241943503681
9958241953503681
9958241963503681
9958241973503681
9958241983503681
9958242003503681
9958242013503681
9958242033503681
9958242043503681
9958242053503681
9958242063503681
9958288033503681
9958288053503681
9958289103503681
9958289123503681
9958290353503681
9958290363503681
9958290373503681
9958290473503681
9958343293503681
9958358003503681
9958365463503681
9958368833503681
9958375863503681
9958378363503681
9958393963503681
9958393973503681
9958393983503681
9958393993503681
9958398153503681
9958402293503681
9958421793503681
9958457133503681
9958467163503681
9958497503503681
9958514753503681
9958514763503681
9958514783503681
9958514793503681
9958514813503681
9958514833503681
9958514923503681
9958515393503681
9958515403503681
9958515423503681
9958515463503681
9958515473503681
9958515483503681
9958515503503681
9958515523503681
9958515553503681
9958515563503681
9958515573503681
9958515593503681
9958515603503681
9958515623503681
9958515633503681
9958515873503681
9958515883503681
9958515903503681
9958515913503681
9958515923503681
9958515933503681
9958515953503681
9958515963503681
9958515973503681
9958531733503681
9958546203503681
9958558463503681
9958573613503681
9958577623503681
9958577893503681
9958577953503681
9958578223503681
9958578763503681
9958581163503681
9958596903503681
9958596983503681
9958597073503681
9958597093503681
9958602913503681
9958625953503681
9958642923503681
9958643133503681
9958668773503681
9958675633503681
9958729253503681
9958729413503681
9958729433503681
9958734753503681
9958734763503681
9958734773503681
9958734793503681
9958734803503681
9958734813503681
9958734833503681
9958734843503681
9958734863503681
9958734873503681
9958734883503681
9958734893503681
9958734903503681
9958734913503681
9958742403503681
9958742433503681
9958742453503681
9958742493503681
9958744473503681
9958744663503681
9958767673503681
9958770233503681
9958770243503681
9958770283503681
9958770583503681
9958770653503681
9958770683503681
9958770703503681
9958770713503681
9958770743503681
9958795833503681
9958801683503681
9958878293503681
9958898503503681
9958902603503681
9958902623503681
9958903623503681
9958903633503681
9958903643503681
9958903873503681
9958903893503681
9958904933503681
9958904943503681
9958904963503681
9958904973503681
9958904983503681
9958907823503681
9958916453503681
9958921233503681
9958956943503681
9958956953503681
9958956963503681
9958956973503681
9958956983503681
9958956993503681
9958957063503681
9958957093503681
9958957103503681
9958957323503681
9958957333503681
9958957363503681
9958957403503681
9958957413503681
9958957423503681
9958957433503681
9958957443503681
9958957453503681
9958957463503681
9958957473503681
9958957483503681
9958957493503681
9958957503503681
9958957513503681
9958957533503681
9958957543503681
9958957563503681
9958957593503681
9958958583503681
9958994663503681
9959043473503681
9959054853503681
9959062513503681
9959088763503681
9959109593503681
9959110273503681
9959110293503681
9959110303503681
9959110933503681
9959110983503681
9959110993503681
9959111003503681
9959111013503681
9959111103503681
9959111113503681
9959111123503681
9959111133503681
9959112443503681
9959112453503681
9959112463503681
9959112483503681
9959112503503681
9959112513503681
9959112523503681
9959112643503681
9959112653503681
9959112663503681
9959112673503681
9959112683503681
9959112693503681
9959112703503681
9959112723503681
9959112733503681
9959112743503681
9959112753503681
9959134293503681
9959135943503681
9959144453503681
9959148413503681
9959150393503681
9959153723503681
9959154003503681
9959166853503681
9959166863503681
9959166873503681
9959166883503681
9959166893503681
9959166903503681
9959166913503681
9959166923503681
9959166933503681
9959200853503681
9959253793503681
9959261763503681
9959277413503681
9959296243503681
9959296263503681
9959296273503681
9959296283503681
9959296293503681
9959296303503681
9959306073503681
9959313543503681
9959338113503681
9959338363503681
9959338373503681
9959338383503681
9959338393503681
9959338463503681
9959338633503681
9959338643503681
9959338653503681
9959338683503681
9959338743503681
9959338753503681
9959338763503681
9959338773503681
9959338783503681
9959338793503681
9959338803503681
9959338813503681
9959338823503681
9959338833503681
9959338843503681
9959338853503681
9959338863503681
9959348853503681
9959365333503681
9959369813503681
9959381763503681
9959388773503681
9959388793503681
9959389913503681
9959389923503681
9959389933503681
9959389943503681
9959389953503681
9959389963503681
9959389973503681
9959389983503681
9959389993503681
9959390003503681
9959390013503681
9959390023503681
9959390033503681
9959390043503681
9959390053503681
9959390063503681
9959390073503681
9959390083503681
9959390113503681
9959390123503681
9959390133503681
9959390143503681
9959390153503681
9959390513503681
9959392433503681
9959406703503681
9959413233503681
9959413243503681
9959413253503681
9959413263503681
9959413273503681
9959413283503681
9959413293503681
9959413303503681
9959424043503681
9959430443503681
9959430453503681
9959430563503681
9959430783503681
9959430813503681
9959430823503681
9959431133503681
9959431143503681
9959431213503681
9959431253503681
9959431263503681
9959431283503681
9959431293503681
9959431303503681
9959431323503681
9959431333503681
9959431363503681
9959431373503681
9959431393503681
9959431653503681
9959431663503681
9959431763503681
9959431773503681
9959431803503681
9959431813503681
9959431853503681
9959431913503681
9959432103503681
9959432123503681
9959432133503681
9959432163503681
9959432283503681
9959432343503681
9959432783503681
9959432833503681
9959432913503681
9959433013503681
995980023503681
9959433033503681
9959433453503681
9959433783503681
9959434423503681
9959434433503681
9959451013503681
9959470973503681
9959478563503681
9959519913503681
9959523583503681
9959538103503681
9959538113503681
9959540213503681
9959558563503681
9959558713503681
9959558733503681
9959558773503681
9959558943503681
9959570873503681
9959571003503681
9959571063503681
9959581733503681
9959581753503681
9959581763503681
9959586213503681
9959586243503681
9959586273503681
9959586283503681
9959586303503681
9959586313503681
9959586333503681
9959586353503681
9959586393503681
9959586403503681
9959586423503681
9959590253503681
9959598373503681
9959603193503681
9959608433503681
9959608443503681
9959608463503681
9959608483503681
9959608493503681
9959608503503681
9959608513503681
9959608523503681
9959608533503681
9959608553503681
9959608583503681
9959608593503681
9959608603503681
9959608643503681
9959608653503681
9959608663503681
9959612083503681
9959615843503681
9959617633503681
9959617643503681
9959617873503681
9959617893503681
9959617923503681
9959617933503681
9959617953503681
9959633883503681
9959642873503681
9959642883503681
9959642893503681
9959642903503681
9959649583503681
9959654113503681
9959654613503681
9959654623503681
9959654633503681
9959654643503681
9959654653503681
9959654663503681
9959654673503681
9959654683503681
9959654693503681
9959654703503681
9959654723503681
9959654733503681
9959654743503681
9959654753503681
9959656873503681
9959657013503681
9959687133503681
9959736693503681
9959744953503681
9959763813503681
9959799753503681
9959800173503681
9959803733503681
9959816843503681
9959816913503681
9959816923503681
9959816943503681
9959816953503681
9959816963503681
9959817013503681
9959817053503681
9959817063503681
9959817123503681
9959817133503681
9959817143503681
9959836633503681
9959897943503681
9959902403503681
9959902413503681
9959902423503681
9959902433503681
9959902453503681
9959902473503681
9959902503503681
9959902513503681
9959902523503681
9959902533503681
9959902543503681
9959902563503681
9959902833503681
9959903243503681
9959903263503681
9959903273503681
9959903293503681
9959903303503681
9959903313503681
9959903353503681
9959903573503681
9959909703503681
9959930503503681
9959942183503681
9959942193503681
9959949753503681
9959954453503681
9959954463503681
9959954473503681
9959954483503681
9959954503503681
9959954543503681
9959954553503681
9959954583503681
9959957923503681
9959957943503681
9959957953503681
9959957963503681
9959957973503681
9959957983503681
9959958013503681
9959958033503681
9959958043503681
9959958103503681
9959958133503681
9959958143503681
9959958153503681
9959958163503681
9959958173503681
9959958223503681
9959958243503681
9959958273503681
9959958363503681
9959958383503681
9959958403503681
9959958413503681
9959958483503681
9959958583503681
9959958603503681
9959987683503681
9959989543503681
9960002163503681
9960003473503681
9960003483503681
9960010973503681
9960065073503681
9960072213503681
9960072223503681
9960072233503681
9960072243503681
9960072253503681
9960116613503681
9960135853503681
9960161223503681
9960161263503681
9960161273503681
9960161433503681
9960161443503681
9960161463503681
9960161473503681
9960192703503681
9960214553503681
9960245403503681
9960250633503681
9960250873503681
9960252213503681
9960252223503681
9960252233503681
9960252243503681
9960252253503681
9960252263503681
9960252283503681
996036163503681
9960252293503681
9960252303503681
9960252313503681
9960252323503681
9960252333503681
9960252353503681
9960276773503681
9960278513503681
9960279093503681
9960279113503681
9960279123503681
9960279133503681
9960279143503681
9960279153503681
9960279163503681
9960279263503681
9960279283503681
9960284073503681
9960300533503681
9960300593503681
9960300613503681
9960300623503681
9960301183503681
9960301193503681
9960301213503681
9960301223503681
9960301233503681
9960301283503681
9960301323503681
9960301333503681
9960303233503681
9960310163503681
9960346473503681
9960346483503681
9960346493503681
9960346513503681
9960346523503681
9960346543503681
9960346553503681
9960346563503681
9960346573503681
9960346583503681
9960346593503681
9960346713503681
9960346723503681
9960353993503681
9960459633503681
9960477163503681
9960483693503681
9960498233503681
9960529653503681
9960529683503681
9960529723503681
9960529733503681
9960529743503681
9960529763503681
9960529773503681
9960529783503681
9960529793503681
9960529853503681
9960531233503681
9960543413503681
9960543463503681
9960548873503681
9960567803503681
9960571563503681
9960579923503681
9960603893503681
9960611923503681
9960611993503681
9960612233503681
9960614723503681
9960626863503681
9960639523503681
9960639533503681
9960639563503681
9960639573503681
9960639583503681
9960639593503681
9960639603503681
9960639613503681
9960639623503681
9960639633503681
9960639643503681
9960639653503681
9960639863503681
9960640303503681
9960641283503681
9960642113503681
9960642123503681
9960642183503681
9960642213503681
9960642243503681
9960642403503681
9960703343503681
9960708053503681
9960708063503681
9960708243503681
9960708253503681
9960767463503681
9960774323503681
9960833313503681
9960854073503681
9960875523503681
9960875543503681
9960875553503681
9960894853503681
9960915983503681
9960916103503681
9960923353503681
9960932803503681
9960949363503681
9960949373503681
9960949383503681
9960949393503681
9960951943503681
9960965733503681
9961034653503681
9961049143503681
9961057903503681
9961057933503681
9961058033503681
9961058043503681
9961058063503681
9961058073503681
9961061493503681
9961061503503681
9961061533503681
9961061573503681
9961061583503681
9961061623503681
9961061633503681
9961061643503681
9961061693503681
9961061733503681
9961061813503681
9961061823503681
9961061843503681
9961061853503681
9961061873503681
9961061883503681
9961061903503681
9961061913503681
9961064063503681
9961064153503681
9961064193503681
9961064213503681
9961064233503681
9961064433503681
9961064443503681
9961064463503681
9961070683503681
9961072593503681
9961080573503681
9961080663503681
9961096513503681
9961096583503681
9961096713503681
9961100603503681
9961109213503681
9961117833503681
9961141203503681
9961155143503681
9961155183503681
9961155193503681
9961155223503681
9961155243503681
9961155253503681
9961155283503681
9961155303503681
9961155323503681
9961155333503681
9961155383503681
9961155413503681
9961155583503681
9961155653503681
9961155723503681
9961155783503681
9961155883503681
9961155903503681
9961156053503681
9961157213503681
9961157253503681
9961157353503681
9961157493503681
9961157633503681
9961157643503681
9961157663503681
9961157733503681
9961157773503681
9961157833503681
9961157873503681
9961175643503681
9961175653503681
9961175663503681
9961175673503681
9961176453503681
9961202823503681
9961210423503681
9961210463503681
9961210473503681
9961210493503681
9961210503503681
9961210533503681
9961210583503681
9961210593503681
9961226063503681
9961229723503681
9961229773503681
9961250153503681
9961250763503681
9961255573503681
9961264323503681
9961267123503681
9961267133503681
9961267143503681
9961267153503681
9961267173503681
9961267213503681
9961267223503681
9961267243503681
9961269253503681
9961276583503681
9961276593503681
9961276603503681
9961276613503681
9961276653503681
9961276663503681
9961276673503681
9961276683503681
9961276693503681
9961276703503681
9961276713503681
9961276723503681
9961276733503681
9961276743503681
9961276753503681
9961276763503681
9961276773503681
9961276793503681
9961276813503681
9961288733503681
9961291763503681
9961293473503681
9961310043503681
9961310183503681
9961311843503681
9961312023503681
9961321243503681
9961321523503681
9961338853503681
9961338863503681
9961338913503681
9961339293503681
9961339413503681
9961339653503681
9961339913503681
9961339933503681
9961339943503681
9961339953503681
9961339963503681
9961339983503681
9961340003503681
9961340023503681
9961340073503681
9961340173503681
9961340253503681
9961340363503681
9961340753503681
9961340843503681
9961341443503681
9961350353503681
9961350513503681
9961350553503681
9961350563503681
9961350573503681
9961350583503681
9961350603503681
9961350613503681
9961350653503681
9961350663503681
9961350673503681
9961350683503681
9961350693503681
9961350703503681
9961375383503681
9961385053503681
9961392783503681
9961393343503681
9961393373503681
9961393413503681
9961396293503681
9961405253503681
9961422213503681
9961435183503681
9961435603503681
9961440573503681
9961446773503681
9961448353503681
9961449513503681
9961464813503681
9961465643503681
9961465703503681
9961465733503681
9961522573503681
9961522583503681
9961522593503681
9961522603503681
9961522613503681
9961522623503681
9961540283503681
9961600013503681
9961600023503681
9961600033503681
9961600043503681
9961600053503681
9961600063503681
9961600073503681
9961600083503681
9961600093503681
9961600103503681
9961600113503681
9961600123503681
9961600133503681
9961600143503681
9961600153503681
9961600163503681
9961600173503681
9961600183503681
9961600193503681
9961600203503681
9961600213503681
9961600223503681
9961600233503681
9961600253503681
9961600263503681
9961600283503681
9961600293503681
9961600303503681
9961600313503681
9961600323503681
9961600333503681
9961600353503681
9961600363503681
9961600373503681
9961600383503681
9961600393503681
9961600403503681
9961600413503681
9961600423503681
9961600433503681
9961600443503681
9961600453503681
9961600463503681
9961600473503681
9961600483503681
9961600533503681
9961600553503681
9961600563503681
9961600573503681
9961600583503681
9961600593503681
9961600613503681
9961600623503681
9961600643503681
9961600653503681
9961600663503681
9961600673503681
9961600683503681
9961600713503681
9961600743503681
9961600753503681
9961600783503681
9961600793503681
9961600803503681
9961600813503681
9961600823503681
9961600833503681
9961600853503681
9961681623503681
9961683763503681
9961694663503681
9961851143503681
9961851153503681
9961851343503681
9961851403503681
9961851433503681
9961851483503681
9961851493503681
9961851503503681
9961851513503681
9961851543503681
9961851573503681
9961851583503681
9961851593503681
9961851603503681
9961851613503681
9961851623503681
9961851633503681
9961851853503681
9961851873503681
9961851883503681
9961851893503681
9961851903503681
9961851923503681
9961851933503681
9961851953503681
9961851963503681
9961851993503681
9961852013503681
9961852043503681
9961852053503681
9961852063503681
9961852073503681
9961852093503681
9961852113503681
9961941263503681
9961969313503681
9962042853503681
9962042963503681
9962045973503681
9962053363503681
9962053413503681
9962053503503681
9962053583503681
9962057483503681
9962066903503681
9962102723503681
9962116293503681
9962133843503681
9962134343503681
9962135973503681
9962136003503681
9962142613503681
9962173103503681
9962200363503681
9962202133503681
9962224653503681
9962232063503681
9962232123503681
9962240013503681
9962240463503681
9962244073503681
9962244443503681
9962246503503681
9962246863503681
9962252653503681
9962260403503681
9962271183503681
9962281683503681
9962290063503681
9962290123503681
9962290133503681
9962315933503681
9962321973503681
9962324443503681
9962326953503681
9962328513503681
9962328523503681
9962328533503681
9962328543503681
9962328553503681
9962328563503681
9962328573503681
9962328583503681
9962328593503681
9962328603503681
9962328613503681
9962328623503681
9962328633503681
9962331953503681
9962369063503681
9962369083503681
9962369093503681
9962369103503681
9962369123503681
9962371783503681
9962371833503681
9962371923503681
9962371963503681
9962372003503681
9962381753503681
9962385533503681
9962389273503681
9962394023503681
9962397403503681
9962397413503681
9962397423503681
9962397433503681
9962397443503681
9962397453503681
9962397753503681
9962397763503681
9962397773503681
9962397783503681
9962397793503681
9962397803503681
9962397833503681
9962397853503681
9962406243503681
9962449393503681
9962449433503681
9962449473503681
9962449493503681
9962449573503681
9962449603503681
9962449623503681
9962449663503681
9962449683503681
9962449763503681
9962449973503681
9962450083503681
9962450293503681
9962451473503681
9962451483503681
9962451493503681
9962451503503681
9962451543503681
9962451553503681
9962451563503681
9962451583503681
9962451593503681
9962451823503681
9962451833503681
9962451863503681
9962451873503681
9962451883503681
9962455213503681
9962455233503681
9962456023503681
9962478513503681
9962482383503681
9962502933503681
9962505903503681
9962510643503681
9962511863503681
9962524173503681
9962526333503681
9962526343503681
9962526353503681
9962526363503681
9962536813503681
9962559273503681
9962566513503681
9962566523503681
9962566543503681
9962566553503681
9962566563503681
9962566573503681
9962566583503681
9962566593503681
9962566603503681
9962566613503681
9962566623503681
9962566633503681
9962566643503681
9962566653503681
9962566663503681
9962566673503681
9962566683503681
9962566693503681
9962566703503681
9962566713503681
9962566723503681
9962566743503681
9962566753503681
9962566923503681
9962570503503681
9962570513503681
9962570563503681
9962570583503681
9962570593503681
9962570613503681
9962570663503681
9962570673503681
9962570693503681
9962570703503681
9962570723503681
9962571093503681
9962572803503681
9962582113503681
9962596083503681
9962612273503681
9962626563503681
9962628203503681
9962630073503681
9962635843503681
9962637073503681
9962637653503681
9962637763503681
9962637773503681
9962637783503681
9962637793503681
9962637813503681
9962637823503681
9962637843503681
9962637853503681
9962637863503681
9962637913503681
9962637923503681
9962638013503681
9962638023503681
9962638033503681
9962638063503681
9962638073503681
9962638083503681
9962638103503681
9962639063503681
9962639083503681
9962639093503681
9962639113503681
9962639123503681
9962639143503681
9962639173503681
9962639203503681
9962639233503681
9962639383503681
9962639423503681
9962639433503681
9962639443503681
9962639503503681
9962639513503681
9962639523503681
9962639533503681
9962639543503681
9962639553503681
9962639573503681
9962676083503681
9962678823503681
9962679523503681
9962679533503681
9962679543503681
9962679553503681
9962679563503681
9962679583503681
9962679593503681
9962679603503681
9962679613503681
9962679623503681
9962680153503681
9962680173503681
9962680183503681
9962698303503681
9962698323503681
9962698383503681
9962698393503681
9962698443503681
9962698453503681
9962698463503681
9962698473503681
9962698503503681
9962698513503681
9962698523503681
9962720293503681
9962720303503681
9962720313503681
9962730933503681
9962731083503681
9962731093503681
9962731153503681
9962731163503681
9962731173503681
9962731183503681
9962731193503681
9962732903503681
9962732913503681
9962732933503681
9962732943503681
9962733183503681
9962733193503681
9962733203503681
9962733213503681
9962740933503681
9962744013503681
9962762943503681
9962763133503681
9962768393503681
9962779133503681
9962779163503681
9962779223503681
9962779313503681
9962779323503681
9962779413503681
9962779433503681
9962779473503681
9962779583503681
9962779603503681
9962779613503681
9962779623503681
9962779633503681
9962779643503681
9962779713503681
9962779723503681
9962779733503681
9962779743503681
9962779753503681
9962779763503681
9962779793503681
9962779803503681
996280393503681
9962779813503681
9962779833503681
9962779843503681
9962779853503681
9962780023503681
9962780033503681
9962780043503681
9962780053503681
9962780063503681
9962780083503681
9962780113503681
9962780123503681
9962780133503681
9962780143503681
9962780153503681
9962789203503681
9962792633503681
9962794753503681
9962794763503681
9962794773503681
9962794783503681
9962794793503681
9962794803503681
9962795833503681
9962798503503681
9962798523503681
9962798543503681
9962798563503681
9962798583503681
9962798593503681
9962798603503681
9962798643503681
9962798663503681
9962798683503681
9962801933503681
9962811423503681
9962811433503681
9962811443503681
9962811453503681
9962811463503681
9962811483503681
9962811493503681
9962811513503681
9962811523503681
9962815633503681
9962822033503681
9962829583503681
9962829593503681
9962829603503681
9962829623503681
9962829643503681
9962829653503681
9962829663503681
9962829673503681
9962829683503681
9962829693503681
9962829713503681
9962829753503681
9962829783503681
9962829793503681
9962833283503681
9962833443503681
9962839923503681
9962843753503681
9962843783503681
9962843833503681
9962850673503681
9962861363503681
9962861493503681
9962864003503681
9962869013503681
9962870113503681
9962870123503681
9962870133503681
9962870143503681
9962870163503681
9962870303503681
9962870313503681
9962870333503681
9962870353503681
9962870363503681
9962870373503681
9962870393503681
9962870403503681
9962870413503681
9962870473503681
9962870493503681
9962870513503681
9962870553503681
9962870573503681
9962870633503681
9962870643503681
9962870653503681
9962870663503681
9962871483503681
9962871543503681
9962873423503681
9962880273503681
9962910013503681
9962921173503681
9962921393503681
9962929043503681
9962929063503681
9962929083503681
9962929093503681
9962929113503681
9962929123503681
9962929153503681
9962929163503681
9962929173503681
9962929193503681
9962929333503681
9962929353503681
9962934203503681
9962963023503681
9962990833503681
9963016543503681
9963021373503681
9963024703503681
9963024713503681
9963024723503681
9963025053503681
9963028023503681
9963028373503681
9963028433503681
9963028563503681
9963028663503681
9963038443503681
9963041793503681
9963041803503681
9963041813503681
9963041823503681
9963041853503681
9963050763503681
9963051593503681
9963051703503681
9963058243503681
9963058263503681
9963063813503681
9963121193503681
9963121223503681
9963121243503681
9963121253503681
9963121273503681
9963121283503681
9963121293503681
9963121313503681
9963121323503681
9963121333503681
9963121343503681
9963121363503681
9963121373503681
9963121413503681
9963121493503681
9963121503503681
9963121523503681
9963146713503681
9963150603503681
9963159513503681
9963168723503681
9963168813503681
9963168823503681
9963169203503681
9963169733503681
9963170323503681
9963172583503681
9963188443503681
9963200203503681
9963209523503681
9963209533503681
9963210253503681
9963210283503681
9963210293503681
9963211143503681
9963217613503681
9963224163503681
9963224183503681
9963224193503681
9963224203503681
9963224223503681
9963224233503681
9963224243503681
9963224253503681
9963224273503681
9963224283503681
9963224303503681
9963224313503681
9963224353503681
9963224393503681
9963228843503681
9963243793503681
9963268023503681
9963276993503681
9963287223503681
9963291763503681
9963292023503681
9963292033503681
9963292043503681
9963292093503681
996375373503681
9963292113503681
9963292123503681
9963309563503681
9963342903503681
9963343023503681
9963343273503681
9963343353503681
9963343383503681
9963351093503681
9963378493503681
9963386553503681
9963391683503681
9963407263503681
9963407323503681
9963431053503681
9963463583503681
9963472223503681
9963491383503681
9963506743503681
9963506763503681
9963506883503681
9963506893503681
9963507193503681
9963517083503681
9963517293503681
9963518253503681
9963518703503681
9963523873503681
9963538603503681
9963564293503681
9963564403503681
9963564423503681
9963564433503681
9963564463503681
9963564563503681
9963564853503681
9963564863503681
9963564963503681
9963564993503681
9963565123503681
9963565133503681
9963565153503681
9963565743503681
9963565763503681
9963565833503681
9963565843503681
9963566293503681
9963589563503681
9963589583503681
9963589633503681
9963589643503681
9963589653503681
9963589663503681
9963589873503681
9963603793503681
9963617053503681
9963617233503681
9963624233503681
9963648643503681
9963650093503681
9963659753503681
9963677673503681
9963678193503681
9963678223503681
9963678253503681
9963678533503681
9963678583503681
9963678593503681
9963678793503681
9963701003503681
9963701023503681
9963701033503681
9963701053503681
9963723573503681
9963723583503681
9963723603503681
9963723903503681
9963723973503681
9963729523503681
9963742303503681
9963763123503681
9963763153503681
9963765693503681
9963795153503681
9963807593503681
9963821963503681
9963821973503681
9963822023503681
9963822073503681
9963828123503681
9963828133503681
9963857833503681
9963857913503681
9963857993503681
9963858023503681
9963858153503681
9963858173503681
9963858223503681
9963858233503681
99645903503681
9963858253503681
9963858283503681
9963858303503681
9963858323503681
9963858333503681
9963858353503681
9963858663503681
9963858873503681
9963858953503681
9963859473503681
9963859493503681
9963859513503681
9963861113503681
9963861233503681
9963861583503681
9963861623503681
9963862663503681
9963864273503681
9963919993503681
9963925683503681
9963928663503681
9963935933503681
9963936323503681
9963940663503681
9963940673503681
9963940683503681
9963940703503681
9963940823503681
9963940843503681
9963940853503681
9963940873503681
9963940883503681
9963942233503681
9963956193503681
9963965993503681
9963973993503681
9963976163503681
9963978673503681
9963978963503681
9963979063503681
9963979143503681
9963979683503681
9963979943503681
9963985033503681
9964009193503681
9964014863503681
9964024303503681
9964048633503681
9964048673503681
9964048913503681
9964048923503681
9964048933503681
9964048943503681
9964048963503681
9964049003503681
9964049033503681
9964049073503681
9964055913503681
9964056053503681
9964071803503681
9964088113503681
9964119273503681
9964145113503681
9964147633503681
9964149723503681
9964149733503681
9964149783503681
9964149813503681
9964149823503681
9964149833503681
9964149863503681
9964150613503681
9964194533503681
9964194633503681
9964207483503681
9964226633503681
9964236803503681
9964238693503681
9964243353503681
9964246153503681
9964251953503681
9964252053503681
9964325753503681
9964448043503681
9964448143503681
9964451353503681
9964458073503681
9964463153503681
9964463193503681
9964474863503681
9964514703503681
9964575763503681
9964643943503681
9964644243503681
9964644363503681
9964768433503681
9964781683503681
9964812273503681
9964813833503681
996647833503681
996689493503681
996775753503681
9964822223503681
9964822593503681
9964832283503681
9964832313503681
9964832493503681
9964832543503681
9964832803503681
9964832833503681
9964835663503681
9964845213503681
9964845413503681
9964846453503681
9964949183503681
9964950523503681
9965014103503681
9965016133503681
9965016163503681
9965033623503681
9965041263503681
9965349083503681
9965349093503681
9966193613503681
9966193633503681
9966194023503681
9966194053503681
9966194083503681
9966194103503681
9966194153503681
9966570893503681
9966576283503681
9966708433503681
9966708673503681
9966872943503681
9966891993503681
9966892123503681
9966892173503681
9966986723503681
9967002623503681
9967002683503681
9967059603503681
9967157853503681
9967165603503681
9967166863503681
9967191513503681
9967202403503681
9967221813503681
9967222793503681
9967222853503681
9967230333503681
9967234313503681
9967258113503681
9967267983503681
9967306073503681
9967306083503681
9967306133503681
9967306153503681
9967306223503681
9967306253503681
9967328053503681
9967328093503681
9967328163503681
9967367053503681
9967473353503681
9967489573503681
9967550533503681
9967558253503681
9967562353503681
9967562593503681
9967562643503681
9967569803503681
9967574853503681
9967586713503681
9967586723503681
9967649883503681
9967649893503681
9967649953503681
9967649973503681
9967652163503681
9967653013503681
9967718213503681
9967748873503681
9967783873503681
9967786963503681
9967791773503681
9967808153503681
9968073113503681
9968141073503681
9968146943503681
9968224063503681
9968242993503681
9968244863503681
9968253553503681
9968263683503681
9968263833503681
9968263853503681
9968263913503681
9968263943503681
99682923503681
99696093503681
9968263973503681
9968272213503681
9968355323503681
9968426543503681
9968438963503681
9968462643503681
9968462743503681
9968462823503681
9968519733503681
9968526793503681
9968536083503681
9968617263503681
9968659473503681
9968663163503681
9968695373503681
9968697353503681
9968720293503681
9968757443503681
9968764233503681
9968768663503681
9968775863503681
9968792613503681
9968792833503681
9968795753503681
9968796833503681
9968796873503681
9968809133503681
9968809443503681
9968821123503681
9968821243503681
9968823883503681
9968848603503681
9968848643503681
9968853723503681
9968862093503681
9968862733503681
9968864233503681
9968866453503681
9968881633503681
9968900973503681
9968908423503681
9968908673503681
9968912193503681
9968912233503681
9968934563503681
9968935823503681
9968968273503681
9969028133503681
9969054773503681
9969054863503681
9969054883503681
9969055083503681
9969076223503681
9969094983503681
9969096033503681
9969129813503681
9969138943503681
9969139133503681
9969455873503681
9969456663503681
9969478683503681
9969499783503681
9969500933503681
9969501113503681
9969501143503681
9969501213503681
9969501223503681
9969501233503681
9969501243503681
9969501253503681
9969501263503681
9969501283503681
9969501343503681
9969516993503681
9969583453503681
9969593423503681
9969594153503681
9969597223503681
9969655433503681
9969666953503681
9969670333503681
9969694203503681
9969717933503681
9969737003503681
9969738223503681
9969740923503681
9969747723503681
9969757033503681
9969777753503681
9969777773503681
9969777853503681
9969777873503681
9969777893503681
9969777903503681
9969777913503681
9969777923503681
9969778013503681
9969778103503681
9969893503681
9969778143503681
9969778163503681
9969778223503681
9969778813503681
9969784133503681
9969813333503681
9969815213503681
9969823463503681
9969831083503681
9969838453503681
9969948433503681
9969979143503681
9970107723503681
9970142613503681
9970142933503681
9970173493503681
9970190673503681
9970329393503681
9970350313503681
9970387493503681
9970395583503681
9970395873503681
9970396343503681
9970423893503681
9970424693503681
9970439583503681
9970635193503681
9970646843503681
9970653733503681
9970653833503681
9970653843503681
9970653963503681
9970654083503681
9970664843503681
9970760823503681
9970776963503681
9970802883503681
9970804893503681
9970804973503681
9970805013503681
9970805043503681
9970805083503681
9970807803503681
9970807833503681
9970807853503681
9970807863503681
9970807883503681
9970807903503681
9970807953503681
9970809883503681
9970809993503681
9970819563503681
9970861053503681
9970879193503681
9970888993503681
9970889003503681
9970904503503681
9970930293503681
9970932183503681
9970933293503681
9970936463503681
9970961133503681
9970961153503681
9970965983503681
9971022023503681
9971230623503681
9971233033503681
9971233373503681
9971234883503681
9971242573503681
9971243123503681
9971243653503681
9971244153503681
9971244483503681
9971244743503681
9971245023503681
9971292513503681
9971495533503681
9971520583503681
9971521053503681
9971522393503681
9971525773503681
9972042533503681
9972083243503681
9972083253503681
9972083693503681
9972088733503681
9972093983503681
9972105073503681
9972107643503681
9972114393503681
9972118373503681
9972318703503681
9972321213503681
9972336233503681
9972389003503681
9972404033503681
9972433433503681
9972434963503681
997604093503681
997618293503681
997700963503681
9972444093503681
9972453673503681
9972471433503681
9972471563503681
9972478213503681
9972482063503681
9972483953503681
9972490203503681
9972493833503681
9972497883503681
9972565493503681
9972565513503681
9972565533503681
9972576413503681
9973841593503681
9973841673503681
9973851883503681
9973872943503681
9973875343503681
9973893523503681
9973896353503681
9973913763503681
9973977263503681
9973978503503681
9973996433503681
9974064953503681
9974218633503681
9975155203503681
9975375953503681
9975378353503681
9975379763503681
9975398783503681
9975580213503681
9976163863503681
9976319933503681
9976321313503681
9976493833503681
9976497453503681
9976501403503681
9976502083503681
9976536433503681
9976555953503681
9976559853503681
9976575713503681
9976609513503681
9976614333503681
9976628233503681
9976665543503681
9976768613503681
9976815083503681
9976815203503681
9976815253503681
9976815313503681
9976815443503681
9976817493503681
9976889843503681
9976890193503681
9976902603503681
9977047106603681
9977047117603681
9977047301103681
9977047423903681
9977048563103681
9977048776203681
9977048913403681
9977053940703681
9977054053703681
9977057005803681
9977060877703681
9977060992703681
9977071817703681
9977073621303681
9977127488703681
9977127489303681
9977127578603681
9977127909603681
9977128453403681
9977129640003681
9977129750703681
9977129792803681
9977129907003681
9977129915903681
9977133382403681
9977133475403681
9977133568403681
9977133588303681
9977133611703681
9977133950003681
9977134636003681
9977135443303681
9977135461703681
9977136186803681
9977137039603681
9977137041203681
9977137341803681
9977137535003681
9977137636703681
9977137744703681
9977137745003681
9977137746503681
9977143806803681
9977146237103681
9977146404603681
9977146426803681
9977146531303681
9977152704203681
9977153634703681
9977155730803681
9977155732703681
9977156650703681
9977156927303681
9977157247803681
9977157784203681
9977157805903681
9977157806003681
9977157814603681
9977158810803681
9977159200603681
9977159297703681
9977161949503681
9977162684703681
9977162718103681
9977162851503681
9977162899203681
9977163019103681
9977163653403681
9977164152603681
9977164254203681
9977164256603681
9977164271503681
9977164548603681
9977167830703681
9977168097803681
9977170343503681
9977170346603681
9977172442003681
9977172443403681
9977172550303681
9977173872103681
9977176537503681
9977178741503681
9977179050103681
9977179446403681
9977203150503681
9977203329203681
9977203611603681
9977203613503681
9977203614903681
9977203985703681
9977204010803681
9977204126803681
9977204347403681
9977216803303681
9977221792003681
9977221792403681
9977221824503681
9977222152703681
9977223842803681
9977226121803681
9977227845703681
9977227846003681
9977227848303681
9977227848503681
9977227943903681
9977227947003681
9977228550303681
9977229725503681
9977230906903681
9977231151603681
9977231849903681
9977232950903681
9977233031303681
9977233883603681
9977234024103681
9977234355103681
9977234952303681
9977235950203681
9977239453503681
9977239853603681
9977239925903681
9977240721203681
9977241353203681
9977241353303681
9977241452403681
9977241771203681
9977241816703681
9977241833603681
9977241835803681
9977241902903681
9977241940403681
9977242152503681
9977242204703681
9977242205503681
9977242206303681
9977242248803681
9977243583503681
9977244721303681
9977244739503681
9977244852603681
9977244912703681
9977244943103681
9977250510103681
9977250510803681
9977250511203681
9977250735803681
9977251052303681
9977251405303681
9977251437103681
9977251437303681
9977251439903681
9977251440303681
9977251440403681
9977251517203681
9977251541103681
9977253991803681
9977253998003681
9977254357903681
9977255227403681
9977255552603681
9977255987103681
9977256361103681
9977256814603681
9977258082503681
9977258083503681
9977258160103681
9977258169703681
9977258169803681
9977258335103681
9977259046403681
9977259446903681
9977259645603681
9977259653303681
9977260012503681
9977260406703681
9977261322003681
9977261858603681
9977262018803681
9977262153003681
9977262549503681
9977262652203681
9977262652503681
9977262690403681
9977262798603681
9977262908603681
9977262949503681
9977262964003681
9977262971703681
9977263080103681
9977269342903681
9977269347203681
9977281863003681
9977301868903681
9977302139403681
9977302149003681
9977302208803681
9977302210003681
9977317784903681
9977317789603681
9977317937403681
9977318188003681
9977318353003681
9977319246603681
9977319246703681
9977321183203681
9977322147303681
9977322377103681
9977322434103681
9977323043203681
9977323341403681
9977323452303681
9977325200003681
9977325200203681
9977325201503681
9977325326803681
9977325542703681
9977325751903681
9977326486803681
9977326521403681
9977326546603681
9977326591903681
9977326597303681
9977326609203681
9977326642203681
9977326645003681
9977326676903681
9977326896303681
9977326897103681
9977326925503681
9977326929203681
9977326953303681
9977326985603681
9977327044403681
9977327322403681
9977327408203681
9977327430803681
9977328460103681
9977329082203681
9977329204303681
9977329204503681
9977329789303681
9977332450003681
9977332450203681
9977333145803681
9977334447003681
9977334650403681
9977334850303681
9977335153603681
9977335448103681
9977335450403681
9977339853203681
9977340253603681
9977340310503681
9977340310703681
9977340424903681
9977340425203681
9977340544403681
9977340630303681
9977342153203681
9977343376203681
9977343622603681
9977343734103681
9977344295403681
9977344429703681
9977344435603681
9977346405303681
9977346430803681
9977346436303681
9977346444303681
9977346451303681
9977347750803681
9977350631803681
9977350850803681
9977351217003681
9977351352603681
9977353043803681
9977353643403681
9977353852103681
9977353951403681
9977357235703681
9977358636103681
9977358749303681
9977358750303681
9977359001303681
9977359017103681
9977359043103681
9977359108403681
9977359222803681
9977359228003681
9977359306703681
9977359317703681
9977359546203681
9977361170303681
9977362299703681
9977362446303681
9977363028603681
9977363036203681
9977363046203681
9977363252303681
9977363585103681
9977364524203681
9977364533003681
9977364542703681
9977364543803681
9977364714203681
9977372879903681
9977373152703681
9977374433703681
9977375936403681
9977376326703681
9977376327203681
9977376363703681
9977376380803681
9977376398803681
9977376574303681
9977377333203681
9977377334403681
9977377463203681
9977378003803681
9977378004503681
9977378004703681
9977378004803681
9977378004903681
9977378005303681
9977378006003681
9977378006103681
9977378033703681
9977378040403681
9977378212603681
9977378233003681
9977378416103681
9977378419403681
9977378419603681
9977378419703681
9977378420003681
9977378420103681
9977378421103681
9977378428603681
9977378465203681
9977378516403681
9977382136103681
9977383048303681
9977385214103681
9977386734103681
9977387244603681
9977387339303681
9977387819503681
9977388140703681
9977388748203681
9977389126803681
9977389146203681
9977389146303681
9977389146403681
9977389146603681
9977389146803681
9977391153403681
9977391647203681
9977393543203681
9977394272703681
9977394273103681
9977394283803681
9977394370403681
9977400444803681
9977400846503681
9977401627103681
9977402022603681
9977405253703681
9977406338403681
9977406348603681
9977406350703681
9977406352803681
9977406651803681
9977409206003681
9977409381803681
9977409524603681
9977409537703681
9977413394103681
9977413517203681
9977414524003681
9977416044603681
9977416053103681
9977416499903681
9977416629303681
9977416718503681
9977417184903681
9977417186503681
9977417230303681
9977417230403681
9977417810703681
9977417822203681
9977420216703681
9977420631503681
9977420744403681
9977420846303681
9977421778503681
9977421778603681
9977423796003681
9977423796303681
9977423797503681
9977423922203681
9977424452803681
9977426050803681
9977427151903681
9977427328203681
9977427433903681
9977428097903681
9977439151103681
9977441361203681
9977442725303681
9977442744303681
9977442948303681
9977443053703681
9977443230903681
9977443239503681
9977443677603681
9977444097903681
9977444567803681
9977445040803681
9977446038803681
9977446611103681
9977446611703681
9977446872003681
9977447012803681
9977448053403681
9977448547703681
9977448847303681
9977451066203681
9977451253603681
9977452340303681
9977452340703681
9977452851103681
9977454238003681
9977454240603681
9977454344303681
9977457171103681
9977457410203681
9977458153603681
9977459489803681
9977459490003681
9977459541503681
9977459596403681
9977459632103681
9977461139703681
9977465743803681
9977471248303681
9977472040303681
9977472134203681
9977472444703681
9977472596803681
9977474752903681
9977475138603681
9977475445303681
9977476146803681
9977476249603681
9977476351803681
9977476745903681
9977477136903681
9977477138103681
9977477138503681
9977477147003681
9977477147803681
9977477153203681
9977485343403681
9977494624503681
9977494652003681
9977494652503681
9977494849203681
9977495028303681
9977495041903681
9977496549403681
9977498821003681
9977500418003681
9977500723903681
9977500737203681
9977500775803681
9977501089303681
9977501134803681
9977501186203681
9977501190003681
9977501191003681
9977501191103681
9977501381403681
9977501587903681
9977501629603681
9977501633803681
9977502182303681
9977502689803681
9977502691803681
9977503209303681
9977503349603681
9977503349703681
9977503539003681
9977504521603681
9977504750203681
9977505028803681
9977505029003681
9977505029403681
9977505305703681
9977505321303681
9977505321503681
9977505321603681
9977505322303681
9977505322603681
9977505798303681
9977505864803681
9977505884803681
9977505887503681
9977506730603681
9977507234503681
9977507540103681
9977507540803681
9977507541303681
9977507541403681
9977507541703681
9977507541903681
9977507542003681
9977507542703681
9977507543003681
9977507543803681
9977507544003681
9977507551903681
9977507642703681
9977508537003681
9977508542203681
9977508613403681
9977508943703681
9977508971003681
9977508971603681
9977509106603681
9977509120503681
9977509121903681
9977509301403681
9977509400503681
9977510506903681
9977510558603681
9977510812803681
9977510826003681
9977510829803681
9977510851803681
9977510852203681
9977510884403681
9977510908403681
9977510970403681
9977511026803681
9977518617603681
9977518627003681
9977519355103681
9977519490003681
9977522148303681
9977522716703681
9977522752903681
9977523720403681
9977524422303681
9977524503203681
9977524504003681
9977524530203681
9977524618803681
9977528358103681
9977528793603681
9977530330203681
9977530730803681
9977530734803681
9977530735703681
9977532068003681
9977532080403681
9977534320503681
9977534320703681
9977534321503681
9977534322203681
9977535333903681
9977535747803681
9977538487003681
9977538488703681
9977538489103681
9977538489603681
9977538491003681
9977538492603681
9977538493003681
9977538493203681
9977538493403681
9977538493503681
9977538494703681
9977538494903681
9977538495003681
9977538539403681
9977538539903681
9977538624103681
9977538630903681
9977538631503681
9977538631603681
9977538641203681
9977538652103681
9977538684603681
9977538684703681
9977538685103681
9977538794303681
9977538835003681
9977538835103681
9977538835203681
9977538835303681
9977538835503681
9977538837503681
9977538841503681
9977538842803681
9977539425903681
9977539444203681
9977539451803681
9977539643003681
9977539643203681
9977539735403681
9977539735603681
9977539842903681
9977539850103681
9977539989803681
9977539992403681
9977540437503681
9977540538503681
9977540824903681
9977540825203681
9977540825603681
9977541588203681
9977541731603681
9977541734303681
9977541748603681
9977542441603681
9977543089503681
9977543143903681
9977544492403681
9977544838003681
9977548480903681
9977548481203681
9977548495703681
9977551402403681
9977551575703681
9977551843003681
9977552941403681
9977553151603681
9977554545403681
9977555453503681
9977556202003681
9977556203203681
9977556203803681
9977556205203681
9977556208703681
9977556212503681
9977556215903681
9977556216103681
9977556216303681
9977556730303681
9977556734103681
9977557349703681
9977557527503681
9977557527603681
9977557953103681
9977558119703681
9977558152403681
9977558225603681
9977558244303681
9977558245203681
9977558437003681
9977558501903681
9977559100503681
9977561372303681
9977561375303681
9977563681903681
9977563701703681
9977563847303681
9977564118803681
9977564124003681
9977565453403681
9977565553403681
9977565851303681
9977566036303681
9977566041003681
9977566042503681
9977566053103681
9977566246403681
9977566560403681
9977566943403681
9977567041903681
9977567046003681
9977567048503681
9977567049003681
9977567049603681
9977567672003681
9977568753703681
9977568851503681
9977568851803681
9977569745503681
9977569933503681
9977569945403681
9977570050403681
9977570972103681
9977571117703681
9977571117803681
9977571347703681
9977573418803681
9977573551303681
9977576652303681
9977577153603681
9977577238903681
9977578744203681
9977579340703681
9977579552703681
9977579553103681
9977579914503681
9977579914603681
9977580041003681
9977580253703681
9977580444303681
9977582353503681
9977582448003681
9977583553703681
9977584004103681
9977584151303681
9977584938703681
9977585444803681
9977585973803681
9977586699803681
9977587144403681
9977588628503681
9977588835303681
9977588930103681
9977588933003681
9977589083703681
9977589142703681
9977589231903681
9977598788903681
9977598983103681
9977598986503681
9977598987303681
9977598987503681
9977598987803681
9977598989403681
9977598990503681
9977598991103681
9977599975803681
9977599976403681
9977599986703681
9977599987603681
9977600000703681
9977600001503681
9977600001803681
9977600002403681
9977600003503681
9977600005403681
9977600005803681
9977600006603681
9977600007803681
9977600012503681
9977600012803681
9977600015903681
9977600016203681
9977600016403681
9977600306103681
9977600311503681
9977600312203681
9977600312803681
9977600313103681
9977600315603681
9977600315903681
9977600316503681
9977600318003681
9977600318903681
9977600427403681
9977601015203681
9977601022903681
9977601332003681
9977602944703681
9977605208103681
9977607448903681
9977609731103681
9977609963303681
9977610217903681
9977610524703681
9977610603803681
9977610605103681
9977610605503681
9977610606103681
9977610606203681
9977610606403681
9977610606603681
9977610608603681
9977610609503681
9977610610003681
9977610622003681
9977610622603681
9977612264703681
9977612347803681
9977612553603681
9977612953803681
9977613023103681
9977613126903681
9977614853703681
9977615611403681
9977615612403681
9977615615203681
9977615616503681
9977617064203681
9977618036203681
9977620668403681
9977620668503681
9977621005703681
9977621005903681
9977621007003681
9977621653003681
9977622545303681
9977622546403681
9977624392103681
9977624393603681
9977624531203681
9977624541303681
9977624952303681
9977624953703681
9977626458803681
9977626708803681
9977626737003681
9977629318703681
9977630648803681
9977630751103681
9977631170003681
9977632471303681
9977632609803681
9977633002503681
9977633014003681
9977633014103681
9977633414403681
9977633747303681
9977633752003681
9977633945603681
9977634137803681
9977636150703681
9977636740303681
9977637020303681
9977637319303681
9977639389803681
9977639389903681
9977639391603681
997764033503681
9977639686703681
9977639690303681
9977640390303681
9977640390803681
9977640391503681
9977642545303681
9977646340103681
9977647791703681
9977647811003681
9977647950603681
9977648928903681
9977649653403681
9977651451203681
9977659120503681
9977659125003681
9977659344803681
9977659447903681
9977659450303681
9977664729803681
9977664781903681
9977664841603681
9977664843803681
9977664844103681
9977665140703681
9977665142303681
9977665149103681
9977665149203681
9977665149603681
9977665150003681
9977667326503681
9977670908503681
9977670910903681
9977670920703681
9977684250903681
9977684252003681
9977684365403681
9977685845903681
9977686551503681
9977688287503681
9977688290003681
9977692941903681
9977693951103681
9977694060303681
9977695546603681
9977695749903681
9977695752803681
9977699351203681
9977702149203681
9977704426503681
9977705953103681
9977706952603681
9977709817903681
9977709833203681
9977710253303681
9977710253403681
9977710253703681
9977717495103681
9977717573103681
9977718945203681
9977721280303681
9977725626303681
9977730252003681
9977731244103681
9977745364703681
9977745375403681
9977745381403681
9977745387003681
9977745387103681
9977745535403681
9977759270803681
9977776771203681
9977778748703681
9977779208103681
9977780523903681
9977782349103681
9977782739103681
9977783247703681
9977785190203681
9977785265703681
9977785854803681
9977785854903681
9977785855003681
9977785855603681
9977786042703681
9977786044203681
9977786045303681
9977786045603681
9977786046503681
9977786046803681
9977786048803681
9977786145603681
9977786148003681
9977786149003681
9977786149803681
9977786150603681
9977786150903681
9977786151803681
9977786152103681
9977786152203681
9977786152603681
9977786665503681
9977786703403681
9977786704603681
9977786771103681
9977786805403681
9977790553703681
9977791134203681
9977791135303681
9977791137703681
9977791137903681
9977791138803681
9977791139403681
9977791140003681
9977791143603681
9977791144803681
9977791149903681
9977791150203681
9977792713103681
9977792718403681
9977795952003681
9977796237503681
9977796828703681
9977799770403681
9977799899003681
9977799921403681
9977799921703681
9977809840603681
9977813323103681
9977813323303681
9977813324703681
9977813325903681
9977813326303681
9977813326603681
9977813327203681
9977813328103681
9977813329303681
9977813330403681
9977813334103681
9977813336003681
9977813336103681
9977813337403681
9977813337903681
9977813432503681
9977813432603681
9977813432703681
9977813433003681
9977813433103681
9977813433303681
9977813433903681
9977813434603681
9977813443103681
9977813443403681
9977814752803681
9977818142903681
9977820021703681
9977820066503681
9977820952203681
9977821239003681
9977821440903681
9977822238403681
9977823202403681
9977823797403681
9977823797503681
9977823797603681
9977823797703681
9977823797803681
9977823799203681
9977823799603681
9977823912903681
9977862808403681
9977862808503681
9977862811203681
9977862812203681
9977862812403681
9977862812603681
9977862813903681
9977862814003681
9977862814203681
9977862814503681
9977862814703681
9977862814903681
9977862815103681
9977862815303681
9977862815503681
9977862815703681
9977862815803681
9977862816003681
9977862816203681
9977862816303681
9977862816403681
9977862816603681
9977862816803681
9977862817003681
9977862817403681
9977862817603681
9977862817803681
9977862819203681
9977862819403681
9977862819603681
9977862822003681
9977862822203681
9977862822703681
9977862824303681
9977862824403681
9977865324403681
9977866049703681
9977866445003681
9977866448503681
9977866854303681
9977866854503681
9977866854703681
9977867022203681
9977867022503681
9977867025103681
9977867027303681
9977867029103681
9977867030003681
9977867033103681
9977867150803681
9977867152103681
9977867152303681
9977869149403681
9977869149603681
9977869544303681
9977870488903681
9977870611703681
9977873383703681
9977875750603681
9977875853603681
9977877125703681
9977877126003681
9977881815103681
9977882641803681
9977882644803681
9977882651103681
9977882669403681
9977882777803681
9977882778503681
9977882779303681
9977882780203681
9977882780303681
9977882782103681
9977882784003681
9977882784203681
9977882784303681
9977882788003681
9977885536103681
9977886920103681
9977886937503681
9977889702303681
9977889906503681
9977889908203681
9977889914803681
9977889994803681
9977889996503681
9977889996703681
9977890123103681
9977893550703681
9977894036103681
9977894036203681
9977896447603681
9977896539303681
9977896640603681
9977896650203681
9977896651203681
9977896652003681
9977896652203681
9977896652903681
9977897535203681
9977897646103681
9977898109503681
9977898334203681
9977899849603681
9977899935403681
9977899935503681
9977900039203681
9977900040703681
9977900053303681
9977900343003681
9977900346603681
9977902255003681
9977902658803681
9977902822903681
9977903901403681
9977904439403681
9977914314703681
9977914314803681
9977914315403681
9977914320703681
9977914320803681
9977914437003681
9977914437503681
9977914437603681
9977914438903681
9977914444803681
9977914445703681
9977914447803681
9977914448203681
9977914448303681
9977914449503681
9977914533103681
9977915253303681
9977923789403681
9977925802303681
9977925808003681
9977926517903681
9977927234503681
9977927235003681
9977927237103681
9977927237303681
9977927238103681
9977927308403681
9977927308503681
9977927308803681
9977927309903681
9977927310203681
9977927311503681
9977927312203681
9977927312603681
9977927313103681
9977927313803681
9977927315203681
9977927315803681
9977927316103681
9977927316403681
9977927319703681
9977927322103681
9977927322403681
9977927322903681
9977932803703681
9977933324203681
9977933331103681
9977933508703681
9977937201603681
9977937244603681
9977939272603681
9977939849403681
9977940452203681
9977940512603681
9977940514403681
9977940514703681
9977940515203681
9977940586803681
9977940624803681
9977941153703681
9977941249803681
9977941349903681
9977941748403681
9977942753303681
9977943383703681
9977943385703681
9977947053103681
9977947569503681
9977947571903681
9977947572603681
9977949881403681
9977950146303681
9977952854203681
9977952854303681
9977952854403681
9977952855403681
9977952857403681
9977952858003681
9977952865603681
9977952870703681
9977952871203681
9977952871403681
9977952875003681
9977952875603681
9977952878703681
9977952878803681
9977952878903681
9977952880003681
9977952880203681
9977952880303681
9977952880603681
9977952880703681
9977952881103681
9977952881303681
9977952882403681
9977953154003681
9977953154203681
9977953154503681
9977953155003681
9977953158003681
9977953447703681
9977953448803681
9977953452803681
9977953453703681
9977953453803681
9977956532203681
9977957937303681
9977957944003681
9977957946503681
9977959053803681
9977964155603681
9977964299703681
9977964323003681
9977964342703681
9977964374603681
9977964377203681
9977964378003681
9977964379603681
9977964379803681
9977964381703681
9977964390403681
9977964391803681
9977964400003681
9977964400903681
9977964401503681
9977964409903681
9977964410003681
9977964410103681
9977966251503681
9977966253103681
9977966342503681
9977966351803681
9977966453503681
9977966545003681
9977966649903681
9977966748403681
9977966900903681
9977967265903681
9977967268103681
9977968471003681
9977970210703681
9977970948503681
9977971408103681
9977971462903681
9977971502003681
9977972239903681
9977973170503681
9977975333203681
9977975443603681
9977975444903681
9977976911603681
9977977102503681
9977978998603681
9977979653803681
9977979953203681
9977980053203681
9977980845803681
9977980944503681
9977980944703681
9977980945003681
9977980948303681
9977981347403681
9977984408703681
9977985260203681
9977985626803681
9977988491603681
9977989453803681
9977989802103681
9977990531303681
9977990572803681
9977996899303681
9977996940403681
9977997298603681
9977998011703681
9978002827503681
9978002833203681
9978003905503681
9978006409503681
9978006518203681
9978007660903681
9978008655303681
9978008911703681
9978009332403681
9978009645603681
9978009870103681
9978010104903681
9978011563303681
9978011563903681
9978011567103681
9978011567403681
9978011567503681
9978011567603681
9978011567903681
9978011568003681
9978011568103681
9978011569503681
9978011570003681
9978011571103681
9978011572103681
9978011573803681
9978011574203681
9978011574503681
9978011575003681
9978011575403681
9978011575703681
9978011575903681
9978011577103681
9978011577703681
9978011581503681
9978011581703681
9978011581903681
9978011737003681
9978011737103681
9978011737303681
9978011740403681
9978011740503681
9978011740603681
9978011740803681
9978011743503681
9978011745903681
9978012137103681
9978012141803681
9978013528103681
9978013622703681
9978013629503681
9978016047903681
9978016151903681
9978017151503681
9978018716303681
9978019698303681
9978019700303681
9978022804703681
9978023594803681
9978024794803681
9978025293803681
9978025465503681
9978025465603681
9978025465703681
9978025470203681
9978026292203681
9978026295803681
9978028779803681
9978029280503681
9978035368003681
9978035959203681
9978036159403681
9978036262803681
9978037823703681
9978038150203681
9978038152803681
9978038248203681
9978038441303681
9978038444003681
9978038468903681
9978038655003681
9978039149903681
9978039150303681
9978039251403681
9978039253003681
9978040370903681
9978040563003681
9978040963303681
9978041167603681
9978041823403681
9978041845503681
9978042262303681
9978042463803681
9978043668403681
9978043964503681
9978043968703681
9978045067103681
9978045891103681
9978045891303681
9978045891803681
9978045892703681
9978046065203681
9978046165403681
9978046166303681
9978046167403681
9978046168903681
9978046523103681
9978046523303681
9978046523903681
9978046524403681
9978046540203681
9978046540503681
9978046540803681
9978046541303681
9978046541503681
9978046541803681
9978046542003681
9978046542403681
9978046542503681
9978046542703681
9978046542803681
9978046542903681
9978048739603681
9978049735203681
9978049738103681
9978049934803681
9978049935903681
9978052107703681
9978052122803681
9978052487603681
9978052490503681
9978052492203681
9978052492903681
9978052493803681
9978052496003681
9978052496303681
9978052497503681
9978052509303681
9978052598503681
9978053040103681
9978056641303681
9978056641803681
9978056959903681
9978056961003681
9978056962003681
9978057064203681
9978057164503681
9978057706103681
9978057706603681
9978057707003681
9978057708603681
9978057708803681
9978057716503681
9978057716703681
9978057716803681
9978057716903681
9978057721003681
9978057721103681
9978057721603681
9978057721703681
9978057721903681
9978057725803681
9978057725903681
9978057726503681
9978057726603681
9978057726803681
9978057922803681
9978058495203681
9978060075703681
9978062319103681
9978063523203681
9978063623603681
9978064221203681
9978064307103681
9978064522903681
9978064608203681
9978064996903681
9978067174903681
9978067316303681
9978068535003681
9978068922603681
9978068923603681
9978069604903681
9978069605003681
9978069605103681
9978069607003681
9978069817103681
9978070355003681
9978070365103681
9978070365203681
9978070365303681
9978070365403681
9978070365703681
9978070366503681
9978070366803681
9978070367003681
9978070367303681
9978070372103681
9978070372603681
9978070372803681
9978070373803681
9978070488303681
9978070489503681
9978070489603681
9978070489703681
9978071179603681
9978071651403681
9978071917103681
9978071917403681
9978071918203681
9978072013203681
9978072016803681
9978073123703681
9978073786703681
9978073791903681
9978074220703681
9978076720103681
9978076814903681
9978077524303681
9978077592203681
9978077593003681
9978079020903681
9978079430103681
9978080323503681
9978080962203681
9978081467703681
9978084723503681
9978084724003681
9978085015603681
9978085167503681
9978085167603681
9978085169003681
9978085172303681
9978085173303681
9978085173703681
9978085173803681
9978085173903681
9978085174003681
9978085174103681
9978085174203681
9978085174303681
9978085174403681
9978085174503681
9978085174603681
9978085174703681
9978085174903681
9978085175003681
9978085175203681
9978085175303681
9978085175603681
9978085175703681
9978085175803681
9978085175903681
9978085176103681
9978085176203681
9978085176303681
9978085176403681
9978085176503681
9978085177203681
9978085177403681
9978085178003681
9978085178203681
9978085178303681
9978085178403681
9978085178503681
9978085178603681
9978085178703681
9978085178903681
9978085179003681
9978085179103681
9978085179203681
9978085180903681
9978085181403681
9978085181503681
9978085181603681
9978085183903681
9978085184003681
9978085184103681
9978085184203681
9978085184403681
9978085184503681
9978085184603681
9978085184703681
9978085185103681
9978085185203681
9978085185403681
9978085185603681
9978085185703681
9978085185803681
9978085185903681
9978085186103681
9978085186203681
9978085186403681
9978085186703681
9978085187303681
9978085187403681
9978085187503681
9978085187603681
9978085187703681
9978085187803681
9978085187903681
9978085188103681
9978085188303681
9978085188703681
9978085188803681
9978085189103681
9978085189703681
9978085190303681
9978085191003681
9978085196103681
9978085196203681
9978085196303681
9978085196403681
9978085198103681
9978085198303681
9978085198503681
9978085198703681
9978085203003681
9978085203103681
9978085203303681
9978085206403681
9978085206503681
9978085206703681
9978085206903681
9978085207103681
9978085207303681
9978085207503681
9978085207603681
9978085207703681
9978085288303681
9978085289003681
9978085306303681
9978085306803681
9978085306903681
9978085307103681
9978085307403681
9978085307503681
9978085307603681
9978085307803681
9978085308003681
9978085308403681
9978085308503681
9978085309103681
9978085812003681
9978088222903681
9978088277903681
9978088295703681
9978088701603681
9978089523503681
9978090105103681
9978090411103681
9978090412503681
9978091825003681
9978091827303681
9978091827403681
9978091827803681
9978091828103681
9978091828503681
9978091830403681
9978091830903681
9978091831103681
9978091831503681
9978091832003681
9978091832503681
9978091832803681
9978091833303681
9978091833403681
9978091833803681
9978091834003681
9978091834303681
9978091925003681
9978091926803681
9978091926903681
9978092113303681
9978092313503681
9978092514503681
9978092520703681
9978092522303681
9978092906403681
9978092910203681
9978092910703681
9978092912703681
9978092916103681
9978092916603681
9978092924303681
9978093016403681
9978093016603681
9978093019203681
9978093019303681
9978093019803681
9978093021303681
9978093923903681
9978094018203681
9978094422003681
9978094488603681
9978094595803681
9978094679403681
9978094680903681
9978094681003681
9978094681103681
9978094681203681
9978094681303681
9978094681403681
9978094681603681
9978094681903681
9978094682103681
9978094788503681
9978094789003681
9978094790403681
9978094791003681
9978094791603681
9978094793403681
9978094793803681
9978094795003681
9978094797003681
9978094797803681
9978094798203681
9978094798603681
9978094799003681
9978094799303681
9978094800003681
9978094800303681
9978094800703681
9978094802403681
9978094804103681
9978094804403681
9978094804803681
9978094805203681
9978094805303681
9978094806103681
9978094806703681
9978094806903681
9978094807103681
9978094807503681
9978094808103681
9978094808503681
9978094808603681
9978095014603681
9978096025603681
9978096709003681
9978096819803681
9978096924303681
9978097100303681
9978097112903681
9978097958803681
9978098438203681
9978098466803681
9978098467203681
9978098467903681
9978098469803681
9978098470003681
9978098472403681
9978098601503681
9978098602103681
9978098603003681
9978098695303681
9978100203403681
9978100205203681
9978100205503681
9978100206103681
9978100207703681
9978100213903681
9978100514903681
9978100516003681
9978101382603681
9978101385603681
9978101466103681
9978101480203681
9978101482403681
9978101608203681
9978102820203681
9978102820503681
9978102919303681
9978103816003681
9978103923303681
9978104024003681
9978104214803681
9978105323303681
9978105417803681
9978106023703681
9978109746603681
9978110624003681
9978112312503681
9978112524303681
9978112720903681
9978112721103681
9978112723003681
9978112804503681
9978114681903681
9978114683803681
9978114685903681
9978114803303681
9978114813903681
9978114819703681
9978115253403681
9978124523103681
9978125514303681
9978125919803681
9978125920203681
9978126981303681
9978126984403681
9978127106503681
9978127821203681
9978127908503681
9978127923603681
9978128144303681
9978128304503681
9978137775403681
9978138022303681
9978138201503681
9978144318803681
9978145688403681
9978146989503681
9978146990203681
9978146990503681
9978146992203681
9978146996003681
9978146997103681
9978147274803681
9978147722803681
9978148226503681
9978148228203681
9978148231003681
9978149074703681
9978149075103681
9978149077603681
9978149078703681
9978149081603681
9978149086803681
9978149224003681
9978151312303681
9978151315703681
9978151317703681
9978151320403681
9978151507103681
9978151507803681
9978151509203681
9978151509703681
9978151512003681
9978151520103681
997863753503681
9978151561603681
9978151561703681
9978151562003681
9978151562703681
9978151563303681
9978151564803681
9978151566903681
9978151567603681
9978151568503681
9978152220903681
9978152221603681
9978152723303681
9978152742403681
9978152744703681
9978152745203681
9978152748403681
9978152846503681
9978153158303681
9978154407503681
9978154500703681
9978154820803681
9978155123203681
9978163419503681
9978163924203681
9978351515503681
9978351518703681
9978559520703681
9978559523403681
9978562220903681
9978563608503681
9978563618803681
9978563703203681
9978563908603681
9978661753603681
9978835972103681
9995873503681
99788713503681
99792293503681
99852883503681
99982803503681
998138153503681
998361873503681
998406713503681
998515103503681
998658323503681
998710863503681
998949733503681
999064833503681
999294103503681
999510843503681
999542853503681
999551993503681
999576003503681
999611573503681
999624173503681
999768473503681
999768963503681
999782323503681
999811753503681
999943453503681
9978865203503681
9978865203603681
9978865723903681
9978867118703681
9978867216503681
9978867216603681
9978867216703681
9978867219303681
9978867323303681
